1000 .FALSE. # Number of lines, conductive flag
# 5 line header for n-k original data
# Automated file
# Taken from:
# wl(um)      n                k
        0.2  1.79455E+00  7.19359E-01
   0.201416  1.80194E+00  7.17008E-01
   0.202842  1.80938E+00  7.14640E-01
   0.204278  1.81688E+00  7.12256E-01
   0.205724  1.82443E+00  7.09854E-01
    0.20718  1.83171E+00  7.07149E-01
   0.208647  1.83855E+00  7.03987E-01
   0.210124  1.84545E+00  7.00803E-01
   0.211612  1.85239E+00  6.97597E-01
    0.21311  1.85938E+00  6.94367E-01
   0.214619  1.86642E+00  6.91115E-01
   0.216138  1.87336E+00  6.87754E-01
   0.217668  1.88007E+00  6.84209E-01
   0.219209  1.88684E+00  6.80640E-01
   0.220761  1.89365E+00  6.77045E-01
   0.222324  1.90050E+00  6.73425E-01
   0.223898  1.90741E+00  6.69779E-01
   0.225483  1.91433E+00  6.66085E-01
   0.227079  1.92069E+00  6.61946E-01
   0.228687  1.92709E+00  6.57778E-01
   0.230306  1.93353E+00  6.53581E-01
   0.231936  1.94003E+00  6.49354E-01
   0.233578  1.94656E+00  6.45097E-01
   0.235232  1.95315E+00  6.40810E-01
   0.236897  1.95960E+00  6.36344E-01
   0.238575  1.96585E+00  6.31639E-01
   0.240263  1.97215E+00  6.26902E-01
   0.241964  1.97849E+00  6.22130E-01
   0.243677  1.98488E+00  6.17325E-01
   0.245403  1.99131E+00  6.12486E-01
    0.24714  1.99779E+00  6.07613E-01
    0.24889  2.00385E+00  6.02359E-01
   0.250652  2.00949E+00  5.96731E-01
   0.252426  2.01518E+00  5.91063E-01
   0.254213  2.02091E+00  5.85354E-01
   0.256013  2.02667E+00  5.79606E-01
   0.257825  2.03248E+00  5.73816E-01
   0.259651  2.03786E+00  5.67971E-01
   0.261489  2.04311E+00  5.62079E-01
    0.26334  2.04840E+00  5.56145E-01
   0.265204  2.05373E+00  5.50169E-01
   0.267082  2.05909E+00  5.44151E-01
   0.268973  2.06449E+00  5.38091E-01
   0.270877  2.06913E+00  5.31744E-01
   0.272794  2.07350E+00  5.25258E-01
   0.274726  2.07790E+00  5.18726E-01
   0.276671  2.08232E+00  5.12148E-01
   0.278629  2.08678E+00  5.05524E-01
   0.280602  2.09127E+00  4.98852E-01
   0.282588  2.09547E+00  4.92158E-01
   0.284589  2.09920E+00  4.85455E-01
   0.286604  2.10296E+00  4.78704E-01
   0.288633  2.10675E+00  4.71905E-01
   0.290676  2.11056E+00  4.65058E-01
   0.292734  2.11440E+00  4.58163E-01
   0.294806  2.11827E+00  4.51219E-01
   0.296893  2.12152E+00  4.44259E-01
   0.298995  2.12464E+00  4.37257E-01
   0.301112  2.12779E+00  4.30206E-01
   0.303244  2.13096E+00  4.23106E-01
   0.305391  2.13415E+00  4.15954E-01
   0.307553  2.13736E+00  4.08752E-01
    0.30973  2.14060E+00  4.01500E-01
   0.311923  2.14289E+00  3.94077E-01
   0.314131  2.14506E+00  3.86585E-01
   0.316355  2.14724E+00  3.79040E-01
   0.318594  2.14944E+00  3.71442E-01
    0.32085  2.15165E+00  3.63790E-01
   0.323121  2.15388E+00  3.56084E-01
   0.325409  2.15612E+00  3.48323E-01
   0.327713  2.15739E+00  3.40765E-01
   0.330033  2.15803E+00  3.33318E-01
   0.332369  2.15868E+00  3.25818E-01
   0.334722  2.15933E+00  3.18265E-01
   0.337092  2.15998E+00  3.10659E-01
   0.339478  2.16064E+00  3.02998E-01
   0.341882  2.16130E+00  2.95283E-01
   0.344302  2.16197E+00  2.87514E-01
    0.34674  2.16177E+00  2.80458E-01
   0.349194  2.16153E+00  2.73384E-01
   0.351666  2.16128E+00  2.66260E-01
   0.354156  2.16104E+00  2.59085E-01
   0.356663  2.16079E+00  2.51860E-01
   0.359188  2.16054E+00  2.44583E-01
   0.361731  2.16029E+00  2.37255E-01
   0.364292  2.16004E+00  2.29876E-01
   0.366871  2.15848E+00  2.23167E-01
   0.369468  2.15665E+00  2.16549E-01
   0.372084  2.15482E+00  2.09884E-01
   0.374718  2.15297E+00  2.03171E-01
   0.377371  2.15111E+00  1.96411E-01
   0.380043  2.14923E+00  1.89603E-01
   0.382733  2.14735E+00  1.82747E-01
   0.385443  2.14544E+00  1.75843E-01
   0.388171  2.14327E+00  1.69312E-01
    0.39092  2.14029E+00  1.64039E-01
   0.393687  2.13728E+00  1.58729E-01
   0.396474  2.13426E+00  1.53382E-01
   0.399281  2.13121E+00  1.47997E-01
   0.402108  2.12815E+00  1.42574E-01
   0.404954  2.12506E+00  1.37112E-01
   0.407821  2.12195E+00  1.31611E-01
   0.410708  2.11881E+00  1.26072E-01
   0.413616  2.11567E+00  1.20700E-01
   0.416544  2.11259E+00  1.16991E-01
   0.419493  2.10949E+00  1.13257E-01
   0.422463  2.10637E+00  1.09495E-01
   0.425454  2.10323E+00  1.05708E-01
   0.428466  2.10006E+00  1.01893E-01
   0.431499  2.09687E+00  9.80518E-02
   0.434554  2.09367E+00  9.41830E-02
    0.43763  2.09043E+00  9.02869E-02
   0.440729  2.08718E+00  8.63632E-02
   0.443849  2.08402E+00  8.28696E-02
   0.446991  2.08107E+00  8.02618E-02
   0.450156  2.07810E+00  7.76356E-02
   0.453342  2.07511E+00  7.49907E-02
   0.456552  2.07210E+00  7.23272E-02
   0.459784  2.06906E+00  6.96448E-02
   0.463039  2.06601E+00  6.69434E-02
   0.466317  2.06293E+00  6.42228E-02
   0.469618  2.05983E+00  6.14830E-02
   0.472943  2.05671E+00  5.87239E-02
   0.476291  2.05357E+00  5.59451E-02
   0.479663  2.05077E+00  5.40403E-02
   0.483059  2.04804E+00  5.23202E-02
   0.486479  2.04528E+00  5.05878E-02
   0.489923  2.04250E+00  4.88433E-02
   0.493391  2.03971E+00  4.70863E-02
   0.496884  2.03689E+00  4.53170E-02
   0.500402  2.03406E+00  4.35351E-02
   0.503945  2.03120E+00  4.17406E-02
   0.507512  2.02833E+00  3.99334E-02
   0.511105  2.02543E+00  3.81134E-02
   0.514724  2.02251E+00  3.62805E-02
   0.518368  2.01999E+00  3.48110E-02
   0.522037  2.01788E+00  3.37335E-02
   0.525733  2.01575E+00  3.26484E-02
   0.529455  2.01362E+00  3.15555E-02
   0.533203  2.01146E+00  3.04550E-02
   0.536978  2.00929E+00  2.93466E-02
    0.54078  2.00711E+00  2.82304E-02
   0.544608  2.00491E+00  2.71063E-02
   0.548464  2.00270E+00  2.59743E-02
   0.552347  2.00047E+00  2.48342E-02
   0.556257  1.99822E+00  2.36861E-02
   0.560195  1.99596E+00  2.25298E-02
   0.564161  1.99375E+00  2.14326E-02
   0.568155  1.99198E+00  2.07388E-02
   0.572177  1.99019E+00  2.00401E-02
   0.576228  1.98839E+00  1.93364E-02
   0.580307  1.98658E+00  1.86277E-02
   0.584416  1.98476E+00  1.79141E-02
   0.588553  1.98292E+00  1.71954E-02
    0.59272  1.98107E+00  1.64716E-02
   0.596916  1.97921E+00  1.57426E-02
   0.601142  1.97733E+00  1.50086E-02
   0.605397  1.97544E+00  1.42693E-02
   0.609683  1.97354E+00  1.35248E-02
      0.614  1.97162E+00  1.27750E-02
   0.618346  1.96969E+00  1.20199E-02
   0.622724  1.96814E+00  1.14828E-02
   0.627133  1.96680E+00  1.10656E-02
   0.631572  1.96544E+00  1.06454E-02
   0.636044  1.96408E+00  1.02223E-02
   0.640546  1.96271E+00  9.79622E-03
   0.645081  1.96132E+00  9.36710E-03
   0.649648  1.95993E+00  8.93494E-03
   0.654247  1.95853E+00  8.49972E-03
   0.658879  1.95712E+00  8.06142E-03
   0.663544  1.95570E+00  7.62001E-03
   0.668241  1.95427E+00  7.17548E-03
   0.672972  1.95282E+00  6.72780E-03
   0.677736  1.95137E+00  6.27696E-03
   0.682534  1.94991E+00  5.82292E-03
   0.687366  1.94844E+00  5.36567E-03
   0.692233  1.94724E+00  5.08169E-03
   0.697133  1.94616E+00  4.86996E-03
   0.702069  1.94507E+00  4.65672E-03
   0.707039  1.94398E+00  4.44198E-03
   0.712044  1.94287E+00  4.22571E-03
   0.717085  1.94176E+00  4.00792E-03
   0.722162  1.94064E+00  3.78858E-03
   0.727275  1.93951E+00  3.56769E-03
   0.732423  1.93837E+00  3.34523E-03
   0.737608  1.93723E+00  3.12120E-03
    0.74283  1.93608E+00  2.89559E-03
   0.748089  1.93492E+00  2.66837E-03
   0.753385  1.93375E+00  2.43955E-03
   0.758719  1.93257E+00  2.20911E-03
    0.76409  1.93138E+00  1.97704E-03
     0.7695  1.93019E+00  1.74332E-03
   0.774947  1.92899E+00  1.51000E-03
   0.780434  1.92820E+00  1.51007E-03
   0.785959  1.92740E+00  1.51014E-03
   0.791523  1.92660E+00  1.51022E-03
   0.797127  1.92579E+00  1.51029E-03
    0.80277  1.92497E+00  1.51036E-03
   0.808453  1.92415E+00  1.51044E-03
   0.814176  1.92332E+00  1.51051E-03
    0.81994  1.92249E+00  1.51059E-03
   0.825745  1.92165E+00  1.51066E-03
   0.831591  1.92081E+00  1.51074E-03
   0.837478  1.91996E+00  1.51082E-03
   0.843407  1.91910E+00  1.51089E-03
   0.849378  1.91823E+00  1.51097E-03
   0.855391  1.91737E+00  1.51105E-03
   0.861447  1.91649E+00  1.51113E-03
   0.867546  1.91561E+00  1.51121E-03
   0.873688  1.91472E+00  1.51129E-03
   0.879873  1.91383E+00  1.51137E-03
   0.886102  1.91281E+00  1.51147E-03
   0.892375  1.91045E+00  1.51172E-03
   0.898693  1.90808E+00  1.51197E-03
   0.905055  1.90569E+00  1.51222E-03
   0.911462  1.90328E+00  1.51247E-03
   0.917915  1.90085E+00  1.51273E-03
   0.924413  1.89841E+00  1.51299E-03
   0.930958  1.89595E+00  1.51325E-03
   0.937549  1.89347E+00  1.51351E-03
   0.944186  1.89098E+00  1.51377E-03
    0.95087  1.88847E+00  1.51404E-03
   0.957602  1.88594E+00  1.51431E-03
   0.964381  1.88339E+00  1.51458E-03
   0.971209  1.88082E+00  1.51485E-03
   0.978084  1.87824E+00  1.51512E-03
   0.985009  1.87563E+00  1.51539E-03
   0.991982  1.87301E+00  1.51567E-03
   0.999005  1.87037E+00  1.51595E-03
   1.006077  1.86982E+00  1.51710E-03
     1.0132  1.86960E+00  1.51840E-03
   1.020373  1.86939E+00  1.51971E-03
   1.027597  1.86917E+00  1.52103E-03
   1.034872  1.86895E+00  1.52236E-03
   1.042198  1.86873E+00  1.52370E-03
   1.049576  1.86851E+00  1.52504E-03
   1.057007  1.86829E+00  1.52640E-03
    1.06449  1.86807E+00  1.52777E-03
   1.072026  1.86784E+00  1.52914E-03
   1.079615  1.86761E+00  1.53053E-03
   1.087258  1.86738E+00  1.53192E-03
   1.094956  1.86715E+00  1.53333E-03
   1.102707  1.86692E+00  1.53474E-03
   1.110514  1.86668E+00  1.53617E-03
   1.118376  1.86645E+00  1.53760E-03
   1.126294  1.86621E+00  1.53905E-03
   1.134267  1.86597E+00  1.54050E-03
   1.142297  1.86573E+00  1.54197E-03
   1.150384  1.86549E+00  1.54345E-03
   1.158528  1.86524E+00  1.54494E-03
    1.16673  1.86500E+00  1.54643E-03
    1.17499  1.86475E+00  1.54794E-03
   1.183308  1.86450E+00  1.54946E-03
   1.191686  1.86425E+00  1.55099E-03
   1.200122  1.86400E+00  1.55253E-03
   1.208618  1.86374E+00  1.55408E-03
   1.217175  1.86349E+00  1.55564E-03
   1.225792  1.86323E+00  1.55722E-03
    1.23447  1.86297E+00  1.55880E-03
   1.243209  1.86270E+00  1.56040E-03
   1.252011  1.86244E+00  1.56200E-03
   1.260874  1.86217E+00  1.56362E-03
   1.269801  1.86191E+00  1.56525E-03
    1.27879  1.86164E+00  1.56689E-03
   1.287843  1.86136E+00  1.56854E-03
   1.296961  1.86109E+00  1.57021E-03
   1.306143  1.86082E+00  1.57189E-03
   1.315389  1.86054E+00  1.57358E-03
   1.324702  1.86026E+00  1.57527E-03
    1.33408  1.85998E+00  1.57699E-03
   1.343525  1.85969E+00  1.57871E-03
   1.353036  1.85941E+00  1.58045E-03
   1.362615  1.85912E+00  1.58220E-03
   1.372262  1.85883E+00  1.58396E-03
   1.381977  1.85854E+00  1.58573E-03
    1.39176  1.85825E+00  1.58752E-03
   1.401613  1.85795E+00  1.58932E-03
   1.411536  1.85765E+00  1.59113E-03
   1.421529  1.85735E+00  1.59295E-03
   1.431593  1.85705E+00  1.59479E-03
   1.441728  1.85675E+00  1.59664E-03
   1.451934  1.85644E+00  1.59851E-03
   1.462213  1.85613E+00  1.60038E-03
   1.472565  1.85582E+00  1.60227E-03
    1.48299  1.85551E+00  1.60418E-03
   1.493489  1.85519E+00  1.60609E-03
   1.504062  1.85488E+00  1.60802E-03
    1.51471  1.85456E+00  1.60997E-03
   1.525434  1.85424E+00  1.61192E-03
   1.536233  1.85391E+00  1.61390E-03
   1.547109  1.85359E+00  1.61588E-03
   1.558062  1.85326E+00  1.61788E-03
   1.569092  1.85293E+00  1.61990E-03
     1.5802  1.85259E+00  1.62192E-03
   1.591387  1.85226E+00  1.62397E-03
   1.602654  1.85192E+00  1.62602E-03
      1.614  1.85158E+00  1.62809E-03
   1.625426  1.85124E+00  1.63018E-03
   1.636933  1.85089E+00  1.63228E-03
   1.648522  1.85054E+00  1.63440E-03
   1.660193  1.85019E+00  1.63653E-03
   1.671946  1.84984E+00  1.63868E-03
   1.683783  1.84949E+00  1.64084E-03
   1.695703  1.84913E+00  1.64301E-03
   1.707708  1.84877E+00  1.64520E-03
   1.719797  1.84841E+00  1.64741E-03
   1.731973  1.84804E+00  1.64963E-03
   1.744234  1.84767E+00  1.65187E-03
   1.756583  1.84730E+00  1.65413E-03
   1.769018  1.84693E+00  1.65640E-03
   1.781542  1.84655E+00  1.65869E-03
   1.794155  1.84617E+00  1.66099E-03
   1.806856  1.84579E+00  1.66331E-03
   1.819648  1.84541E+00  1.66564E-03
    1.83253  1.84502E+00  1.66799E-03
   1.845504  1.84464E+00  1.67036E-03
   1.858569  1.84424E+00  1.67275E-03
   1.871727  1.84385E+00  1.67515E-03
   1.884978  1.84345E+00  1.67757E-03
   1.898322  1.84305E+00  1.68001E-03
   1.911761  1.84265E+00  1.68246E-03
   1.925296  1.84224E+00  1.68493E-03
   1.938926  1.84183E+00  1.68742E-03
   1.952653  1.84142E+00  1.68993E-03
   1.966476  1.84101E+00  1.69245E-03
   1.980398  1.84059E+00  1.69499E-03
   1.994418  1.84017E+00  1.69755E-03
   2.008538  1.83983E+00  1.70310E-03
   2.022757  1.83954E+00  1.71065E-03
   2.037078  1.83926E+00  1.71824E-03
   2.051499  1.83897E+00  1.72589E-03
   2.066023  1.83868E+00  1.73360E-03
   2.080649  1.83839E+00  1.74136E-03
   2.095379  1.83809E+00  1.74917E-03
   2.110213  1.83780E+00  1.75704E-03
   2.125153  1.83750E+00  1.76497E-03
   2.140198  1.83720E+00  1.77295E-03
   2.155349  1.83689E+00  1.78099E-03
   2.170608  1.83659E+00  1.78909E-03
   2.185975  1.83628E+00  1.79724E-03
   2.201451  1.83597E+00  1.80545E-03
   2.217036  1.83566E+00  1.81372E-03
   2.232731  1.83535E+00  1.82205E-03
   2.248538  1.83503E+00  1.83043E-03
   2.264457  1.83471E+00  1.83888E-03
   2.280488  1.83439E+00  1.84738E-03
   2.296633  1.83407E+00  1.85595E-03
   2.312892  1.83374E+00  1.86457E-03
   2.329266  1.83342E+00  1.87326E-03
   2.345756  1.83309E+00  1.88201E-03
   2.362363  1.83275E+00  1.89082E-03
   2.379087  1.83242E+00  1.89969E-03
    2.39593  1.83208E+00  1.90863E-03
   2.412892  1.83174E+00  1.91763E-03
   2.429974  1.83140E+00  1.92669E-03
   2.447177  1.83106E+00  1.93582E-03
   2.464502  1.83071E+00  1.94501E-03
   2.481949  1.83036E+00  1.95427E-03
    2.49952  1.83001E+00  1.96359E-03
   2.517216  1.82966E+00  1.97298E-03
   2.535036  1.82930E+00  1.98243E-03
   2.552983  1.82894E+00  1.99195E-03
   2.571057  1.82858E+00  2.00154E-03
   2.589259  1.82821E+00  2.01120E-03
   2.607589  1.82785E+00  2.02092E-03
    2.62605  1.82748E+00  2.03072E-03
   2.644641  1.82711E+00  2.04058E-03
   2.663364  1.82673E+00  2.05051E-03
   2.682219  1.82636E+00  2.06052E-03
   2.701208  1.82598E+00  2.07059E-03
   2.720331  1.82559E+00  2.08074E-03
    2.73959  1.82521E+00  2.09095E-03
   2.758985  1.82482E+00  2.10124E-03
   2.778517  1.82443E+00  2.11161E-03
   2.798188  1.82404E+00  2.12204E-03
   2.817997  1.82364E+00  2.13255E-03
   2.837948  1.82324E+00  2.14314E-03
   2.858039  1.82284E+00  2.15380E-03
   2.878272  1.82244E+00  2.16453E-03
   2.898649  1.82203E+00  2.17534E-03
    2.91917  1.82162E+00  2.18623E-03
   2.939836  1.82120E+00  2.19719E-03
   2.960649  1.82079E+00  2.20824E-03
   2.981609  1.82037E+00  2.21936E-03
   3.002717  1.81995E+00  2.23238E-03
   3.023975  1.81952E+00  2.25795E-03
   3.045383  1.81909E+00  2.28370E-03
   3.066943  1.81866E+00  2.30963E-03
   3.088656  1.81823E+00  2.33574E-03
   3.110522  1.81779E+00  2.36204E-03
   3.132543  1.81735E+00  2.38852E-03
    3.15472  1.81691E+00  2.41520E-03
   3.177054  1.81646E+00  2.44206E-03
   3.199546  1.81601E+00  2.46911E-03
   3.222197  1.81556E+00  2.49635E-03
   3.245008  1.81510E+00  2.52379E-03
   3.267982  1.81464E+00  2.55142E-03
   3.291117  1.81418E+00  2.57924E-03
   3.314417  1.81371E+00  2.60727E-03
   3.337881  1.81324E+00  2.63549E-03
   3.361512  1.81277E+00  2.66391E-03
    3.38531  1.81229E+00  2.69253E-03
   3.409276  1.81181E+00  2.72135E-03
   3.433412  1.81133E+00  2.75038E-03
   3.457719  1.81085E+00  2.77962E-03
   3.482198  1.81036E+00  2.80906E-03
    3.50685  1.80986E+00  2.83871E-03
   3.531677  1.80937E+00  2.86857E-03
   3.556679  1.80887E+00  2.89864E-03
   3.581859  1.80836E+00  2.92892E-03
   3.607217  1.80786E+00  2.95942E-03
   3.632754  1.80734E+00  2.99014E-03
   3.658472  1.80683E+00  3.02107E-03
   3.684373  1.80631E+00  3.05222E-03
   3.710456  1.80579E+00  3.08359E-03
   3.736724  1.80527E+00  3.11518E-03
   3.763179  1.80474E+00  3.14700E-03
    3.78982  1.80420E+00  3.17904E-03
    3.81665  1.80367E+00  3.21131E-03
    3.84367  1.80313E+00  3.24381E-03
   3.870881  1.80258E+00  3.27654E-03
   3.898285  1.80203E+00  3.30949E-03
   3.925883  1.80148E+00  3.34269E-03
   3.953677  1.80093E+00  3.37611E-03
   3.981667  1.80037E+00  3.40978E-03
   4.009855  1.79951E+00  3.45919E-03
   4.038243  1.79809E+00  3.53799E-03
   4.066832  1.79666E+00  3.61736E-03
   4.095623  1.79522E+00  3.69729E-03
   4.124618  1.79377E+00  3.77778E-03
   4.153818  1.79231E+00  3.85885E-03
   4.183225  1.79084E+00  3.94048E-03
    4.21284  1.78936E+00  4.02270E-03
   4.242665  1.78787E+00  4.10549E-03
   4.272701  1.78636E+00  4.18888E-03
    4.30295  1.78485E+00  4.27285E-03
   4.333413  1.78333E+00  4.35742E-03
   4.364091  1.78180E+00  4.44259E-03
   4.394987  1.78025E+00  4.52836E-03
   4.426101  1.77869E+00  4.61473E-03
   4.457436  1.77713E+00  4.70172E-03
   4.488992  1.77555E+00  4.78933E-03
   4.520772  1.77396E+00  4.87755E-03
   4.552777  1.77236E+00  4.96640E-03
   4.585009  1.77075E+00  5.05588E-03
   4.617468  1.76913E+00  5.14599E-03
   4.650158  1.76749E+00  5.23674E-03
   4.683078  1.76585E+00  5.32813E-03
   4.716232  1.76419E+00  5.42017E-03
   4.749621  1.76252E+00  5.51286E-03
   4.783246  1.76084E+00  5.60621E-03
   4.817109  1.75914E+00  5.70022E-03
   4.851212  1.75744E+00  5.79489E-03
   4.885556  1.75572E+00  5.89023E-03
   4.920143  1.75399E+00  5.98625E-03
   4.954976  1.75225E+00  6.08295E-03
   4.990054  1.75050E+00  6.18033E-03
   5.025382  1.74873E+00  6.38580E-03
   5.060959  1.74695E+00  6.63511E-03
   5.096788  1.74516E+00  6.88619E-03
   5.132871  1.74336E+00  7.13904E-03
   5.169209  1.74154E+00  7.39368E-03
   5.205805  1.73971E+00  7.65012E-03
   5.242659  1.73787E+00  7.90838E-03
   5.279775  1.73601E+00  8.16847E-03
   5.317153  1.73414E+00  8.43040E-03
   5.354796  1.73226E+00  8.69418E-03
   5.392705  1.73036E+00  8.95983E-03
   5.430883  1.72846E+00  9.22736E-03
   5.469331  1.72653E+00  9.49679E-03
   5.508051  1.72460E+00  9.76812E-03
   5.547045  1.72265E+00  1.00414E-02
   5.586316  1.72068E+00  1.03166E-02
   5.625864  1.71871E+00  1.05937E-02
   5.665692  1.71671E+00  1.08728E-02
   5.705803  1.71471E+00  1.11539E-02
   5.746197  1.71269E+00  1.14369E-02
   5.786877  1.71066E+00  1.17220E-02
   5.827846  1.70861E+00  1.20091E-02
   5.869104  1.70654E+00  1.22982E-02
   5.910654  1.70447E+00  1.25894E-02
   5.952499  1.70237E+00  1.28826E-02
    5.99464  1.70027E+00  1.31779E-02
   6.037079  1.69629E+00  1.39550E-02
   6.079818  1.69202E+00  1.48074E-02
   6.122861  1.68771E+00  1.56658E-02
   6.166207  1.68338E+00  1.65304E-02
   6.209861  1.67901E+00  1.74010E-02
   6.253824  1.67462E+00  1.82778E-02
   6.298098  1.67019E+00  1.91609E-02
   6.342686  1.66573E+00  2.00501E-02
   6.387589  1.66124E+00  2.09457E-02
    6.43281  1.65672E+00  2.18476E-02
   6.478351  1.65217E+00  2.27559E-02
   6.524214  1.64758E+00  2.36706E-02
   6.570403  1.64296E+00  2.45918E-02
   6.616918  1.63831E+00  2.55195E-02
   6.663763  1.63362E+00  2.64538E-02
   6.710939  1.62891E+00  2.73947E-02
   6.758449  1.62416E+00  2.83423E-02
   6.806295  1.61937E+00  2.92966E-02
   6.854481  1.61455E+00  3.02576E-02
   6.903007  1.60970E+00  3.12254E-02
   6.951877  1.60481E+00  3.22001E-02
   7.001093  1.59961E+00  3.32096E-02
   7.050657  1.58176E+00  3.54632E-02
   7.100573  1.56379E+00  3.77327E-02
   7.150841  1.54570E+00  4.00184E-02
   7.201466  1.52747E+00  4.23202E-02
   7.252448  1.50912E+00  4.46383E-02
   7.303792  1.49063E+00  4.69728E-02
     7.3555  1.47202E+00  4.93239E-02
   7.407573  1.45327E+00  5.16915E-02
   7.460015  1.43440E+00  5.40760E-02
   7.512828  1.41307E+00  5.69801E-02
   7.566015  1.38435E+00  6.14831E-02
   7.619579  1.35543E+00  6.60179E-02
   7.673522  1.32630E+00  7.05849E-02
   7.727847  1.29696E+00  7.51842E-02
   7.782556  1.26742E+00  7.98160E-02
   7.837653  1.23767E+00  8.44806E-02
    7.89314  1.20771E+00  8.91783E-02
   7.949019  1.17753E+00  9.39092E-02
   8.005295  1.14735E+00  9.90913E-02
   8.061968  1.11902E+00  1.08360E-01
   8.119043  1.09048E+00  1.17695E-01
   8.176522  1.06174E+00  1.27095E-01
   8.234408  1.03280E+00  1.36563E-01
   8.292703  1.00365E+00  1.46097E-01
   8.351411  9.74294E-01  1.55698E-01
   8.410535  9.44732E-01  1.65368E-01
   8.470078  9.14961E-01  1.75106E-01
   8.530042  9.00601E-01  2.14248E-01
   8.590431  9.01809E-01  2.83091E-01
   8.651247  9.03025E-01  3.52421E-01
   8.712493  9.04250E-01  4.22242E-01
   8.774173  9.05483E-01  4.92558E-01
    8.83629  9.06726E-01  5.63371E-01
   8.898847  9.07977E-01  6.34686E-01
   8.961846  9.09237E-01  7.06505E-01
   9.025292  9.24669E-01  7.72763E-01
   9.089187  9.61728E-01  8.30268E-01
   9.153534  9.99050E-01  8.88180E-01
   9.218336  1.03663E+00  9.46503E-01
   9.283598  1.07449E+00  1.00524E+00
   9.349321  1.11261E+00  1.06439E+00
    9.41551  1.15100E+00  1.12396E+00
   9.482167  1.18966E+00  1.18395E+00
   9.549296  1.45330E+00  1.17995E+00
     9.6169  1.54666E+00  1.22191E+00
   9.684983  1.62452E+00  1.26228E+00
   9.753548  1.71921E+00  1.30569E+00
   9.822599  1.80419E+00  1.31054E+00
   9.892138  1.89550E+00  1.31257E+00
   9.962169  1.99446E+00  1.29551E+00
  10.032697  2.07757E+00  1.28263E+00
  10.103723  2.16094E+00  1.26797E+00
  10.175253  2.24212E+00  1.23188E+00
  10.247289  2.32019E+00  1.18451E+00
  10.319834  2.39173E+00  1.12983E+00
  10.392894  2.45025E+00  1.07171E+00
  10.466471  2.50557E+00  1.01800E+00
  10.540568  2.55375E+00  9.41724E-01
   10.61519  2.59556E+00  8.59656E-01
  10.690341  2.61486E+00  7.78001E-01
  10.766023  2.63274E+00  7.10805E-01
  10.842241  2.63893E+00  6.53822E-01
  10.918999  2.63461E+00  5.82754E-01
    10.9963  2.62690E+00  5.20584E-01
  11.074149  2.61608E+00  4.56428E-01
  11.152548  2.59979E+00  4.04869E-01
  11.231503  2.57875E+00  3.45081E-01
  11.311016  2.55176E+00  2.90446E-01
  11.391093  2.52222E+00  2.54095E-01
  11.471736  2.48240E+00  2.13816E-01
  11.552951  2.44853E+00  1.92810E-01
   11.63474  2.41006E+00  1.65442E-01
  11.717108  2.37493E+00  1.50278E-01
   11.80006  2.34129E+00  1.40258E-01
  11.883598  2.30742E+00  1.30168E-01
  11.967728  2.27792E+00  1.27920E-01
  12.052454  2.24932E+00  1.27577E-01
   12.13778  2.22053E+00  1.27231E-01
  12.223709  2.19535E+00  1.29541E-01
  12.310247  2.17567E+00  1.35813E-01
  12.397398  2.15584E+00  1.42128E-01
  12.485165  2.13588E+00  1.48489E-01
  12.573554  2.11980E+00  1.57667E-01
  12.662569  2.10378E+00  1.67023E-01
  12.752214  2.08764E+00  1.76445E-01
  12.842493  2.07647E+00  1.86318E-01
  12.933412  2.07193E+00  1.96764E-01
  13.024974  2.06735E+00  2.07285E-01
  13.117184  2.06274E+00  2.17880E-01
  13.210048  2.06155E+00  2.26055E-01
  13.303568  2.06114E+00  2.33718E-01
  13.397751  2.06072E+00  2.41435E-01
  13.492601  2.06138E+00  2.47487E-01
  13.588122  2.06212E+00  2.53463E-01
  13.684319  2.06286E+00  2.59480E-01
  13.781198  2.06361E+00  2.65540E-01
  13.878762  2.06705E+00  2.68370E-01
  13.977017  2.07184E+00  2.69597E-01
  14.075967  2.07666E+00  2.70834E-01
  14.175618  2.08151E+00  2.72079E-01
  14.275975  2.08446E+00  2.70641E-01
  14.377042  2.08683E+00  2.68349E-01
  14.478824  2.08921E+00  2.66041E-01
  14.581327  2.09160E+00  2.63716E-01
  14.684556  2.09402E+00  2.61374E-01
  14.788515  2.09607E+00  2.58033E-01
  14.893211  2.09750E+00  2.53046E-01
  14.998647  2.09895E+00  2.48023E-01
  15.104831  2.10041E+00  2.42965E-01
  15.211765  2.09872E+00  2.37071E-01
  15.319457  2.09547E+00  2.30744E-01
  15.427912  2.09220E+00  2.24372E-01
  15.537134  2.08890E+00  2.17955E-01
  15.647129  2.08480E+00  2.12088E-01
  15.757903  2.07907E+00  2.07392E-01
  15.869461  2.07331E+00  2.02664E-01
   15.98181  2.06750E+00  1.97902E-01
  16.094953  2.06034E+00  1.95900E-01
  16.208897  2.05298E+00  1.94192E-01
  16.323649  2.04557E+00  1.92473E-01
  16.439212  2.03810E+00  1.90741E-01
  16.555594  2.03059E+00  1.88996E-01
  16.672799  2.02302E+00  1.87240E-01
  16.790835  2.01337E+00  1.88251E-01
  16.909705  2.00322E+00  1.89873E-01
  17.029418  1.99299E+00  1.91506E-01
  17.149978  1.98270E+00  1.93150E-01
  17.271391  1.97233E+00  1.94806E-01
  17.393665  1.96189E+00  1.96530E-01
  17.516803  1.95242E+00  2.03010E-01
  17.640814  1.94287E+00  2.09535E-01
  17.765702  1.93326E+00  2.16107E-01
  17.891475  1.92358E+00  2.22725E-01
  18.018138  1.91403E+00  2.29565E-01
  18.145697  1.90700E+00  2.38651E-01
   18.27416  1.89991E+00  2.47801E-01
  18.403532  1.89292E+00  2.57131E-01
   18.53382  1.88652E+00  2.67013E-01
  18.665031  1.88007E+00  2.76964E-01
   18.79717  1.87357E+00  2.86986E-01
  18.930245  1.86732E+00  2.97492E-01
  19.064262  1.86272E+00  3.10509E-01
  19.199227  1.85809E+00  3.23618E-01
  19.335149  1.85388E+00  3.36500E-01
  19.472032  1.85165E+00  3.48041E-01
  19.609885  1.84941E+00  3.59663E-01
  19.748713  1.84715E+00  3.71368E-01
  19.888524  1.84624E+00  3.85613E-01
  20.029325  1.84648E+00  4.02018E-01
  20.171123  1.84674E+00  4.18289E-01
  20.313925  1.84722E+00  4.31142E-01
  20.457738  1.84770E+00  4.44085E-01
  20.602569  1.84819E+00  4.57121E-01
  20.748425  1.85236E+00  4.74422E-01
  20.895313  1.85695E+00  4.92281E-01
  21.043242  1.86294E+00  5.05412E-01
  21.192218  1.86901E+00  5.18513E-01
  21.342249  1.87512E+00  5.31706E-01
  21.493341  1.88252E+00  5.45195E-01
  21.645504  1.89050E+00  5.58866E-01
  21.798743  1.89887E+00  5.69692E-01
  21.953068  1.90744E+00  5.79299E-01
  22.108485  1.91608E+00  5.88974E-01
  22.265002  1.92477E+00  5.98718E-01
  22.422628  1.93496E+00  6.08749E-01
  22.581369  1.94653E+00  6.19050E-01
  22.741234  1.95817E+00  6.29424E-01
  22.902231  1.96550E+00  6.37841E-01
  23.064368  1.97123E+00  6.45552E-01
  23.227652  1.97699E+00  6.53318E-01
  23.392093  1.98449E+00  6.60821E-01
  23.557697  2.00171E+00  6.66568E-01
  23.724474  2.01906E+00  6.72355E-01
  23.892432  2.03517E+00  6.77973E-01
  24.061579  2.04664E+00  6.82888E-01
  24.231923  2.05819E+00  6.87839E-01
  24.403473  2.06982E+00  6.92824E-01
  24.576238  2.08126E+00  6.98089E-01
  24.750226  2.09249E+00  7.03663E-01
  24.925446  2.10379E+00  7.09277E-01
  25.101906  2.11563E+00  7.13489E-01
  25.279615  2.12824E+00  7.15600E-01
  25.458582  2.14093E+00  7.17725E-01
  25.638817  2.15371E+00  7.19866E-01
  25.820327  2.16658E+00  7.22022E-01
  26.003122  2.17955E+00  7.24193E-01
  26.187212  2.19183E+00  7.23995E-01
  26.372605  2.20408E+00  7.23424E-01
   26.55931  2.21642E+00  7.22848E-01
  26.747337  2.22885E+00  7.22268E-01
  26.936695  2.24136E+00  7.21685E-01
  27.127394  2.25156E+00  7.19746E-01
  27.319442  2.26168E+00  7.17707E-01
  27.512851  2.27187E+00  7.15652E-01
  27.707628  2.28213E+00  7.13583E-01
  27.903785  2.29246E+00  7.11500E-01
   28.10133  2.30287E+00  7.09401E-01
  28.300274  2.31335E+00  7.07288E-01
  28.500626  2.32391E+00  7.05160E-01
  28.702397  2.33423E+00  7.02889E-01
  28.905596  2.34357E+00  7.00173E-01
  29.110233  2.35298E+00  6.97437E-01
   29.31632  2.36246E+00  6.94682E-01
  29.523865  2.37201E+00  6.91908E-01
   29.73288  2.38162E+00  6.89114E-01
  29.943374  2.39130E+00  6.86300E-01
  30.155358  2.40105E+00  6.83466E-01
  30.368844  2.41087E+00  6.80612E-01
   30.58384  2.42065E+00  6.77618E-01
  30.800359  2.42861E+00  6.72517E-01
  31.018411  2.43664E+00  6.67380E-01
  31.238006  2.44472E+00  6.62207E-01
  31.459156  2.45285E+00  6.56997E-01
  31.681871  2.46105E+00  6.51750E-01
  31.906164  2.46930E+00  6.46466E-01
  32.132044  2.47761E+00  6.41145E-01
  32.359523  2.48598E+00  6.35786E-01
  32.588613  2.49441E+00  6.30389E-01
  32.819324  2.50290E+00  6.24954E-01
  33.051669  2.51092E+00  6.19242E-01
  33.285659  2.51718E+00  6.12664E-01
  33.521305  2.52349E+00  6.06041E-01
   33.75862  2.52984E+00  5.99370E-01
  33.997614  2.53612E+00  5.92705E-01
  34.238301  2.54104E+00  5.86666E-01
  34.480691  2.54600E+00  5.80585E-01
  34.724798  2.55099E+00  5.74460E-01
  34.970633  2.55602E+00  5.68292E-01
  35.218208  2.56108E+00  5.62080E-01
  35.467535  2.56618E+00  5.55825E-01
  35.718628  2.57010E+00  5.49532E-01
  35.971499  2.57326E+00  5.43201E-01
   36.22616  2.57644E+00  5.36824E-01
  36.482623  2.57964E+00  5.30402E-01
  36.740902  2.58286E+00  5.23935E-01
   37.00101  2.58633E+00  5.18792E-01
  37.262959  2.58982E+00  5.13614E-01
  37.526763  2.59334E+00  5.08399E-01
  37.792434  2.59687E+00  5.03147E-01
  38.059986  2.60044E+00  4.97857E-01
  38.329432  2.60403E+00  4.92530E-01
  38.600786  2.60764E+00  4.87166E-01
  38.874061  2.61012E+00  4.81461E-01
  39.149271  2.61261E+00  4.75713E-01
  39.426428  2.61512E+00  4.69925E-01
  39.705548  2.61765E+00  4.64096E-01
  39.986644  2.62015E+00  4.58407E-01
   40.26973  2.62234E+00  4.53956E-01
   40.55482  2.62455E+00  4.49474E-01
  40.841929  2.62677E+00  4.44959E-01
   41.13107  2.62901E+00  4.40413E-01
  41.422258  2.63126E+00  4.35835E-01
  41.715507  2.63353E+00  4.31224E-01
  42.010833  2.63582E+00  4.26581E-01
  42.308249  2.63805E+00  4.21789E-01
  42.607771  2.64022E+00  4.16844E-01
  42.909413  2.64241E+00  4.11864E-01
  43.213191  2.64461E+00  4.06848E-01
  43.519119  2.64683E+00  4.01797E-01
  43.827214  2.64907E+00  3.96710E-01
  44.137489  2.65132E+00  3.91587E-01
  44.449961  2.65284E+00  3.87278E-01
  44.764645  2.65420E+00  3.83151E-01
  45.081557  2.65556E+00  3.78994E-01
  45.400712  2.65693E+00  3.74809E-01
  45.722127  2.65831E+00  3.70593E-01
  46.045818  2.65971E+00  3.66348E-01
    46.3718  2.66111E+00  3.62073E-01
   46.70009  2.66252E+00  3.57767E-01
  47.030704  2.66369E+00  3.53176E-01
  47.363658  2.66437E+00  3.48032E-01
   47.69897  2.66504E+00  3.42852E-01
  48.036655  2.66572E+00  3.37635E-01
  48.376731  2.66641E+00  3.32381E-01
  48.719215  2.66689E+00  3.28324E-01
  49.064124  2.66735E+00  3.24379E-01
  49.411474  2.66782E+00  3.20406E-01
  49.761283  2.66828E+00  3.16405E-01
  50.113569  2.66875E+00  3.12375E-01
  50.468348  2.66923E+00  3.08317E-01
   50.82564  2.66970E+00  3.04231E-01
   51.18546  2.67018E+00  3.00115E-01
  51.547829  2.67067E+00  2.95970E-01
  51.912762  2.67092E+00  2.91573E-01
  52.280279  2.67100E+00  2.86990E-01
  52.650398  2.67109E+00  2.82375E-01
  53.023138  2.67118E+00  2.77728E-01
  53.398516  2.67127E+00  2.73047E-01
  53.776551  2.67090E+00  2.69497E-01
  54.157263  2.67035E+00  2.66417E-01
   54.54067  2.66979E+00  2.63316E-01
  54.926791  2.66923E+00  2.60193E-01
  55.315646  2.66866E+00  2.57048E-01
  55.707254  2.66809E+00  2.53880E-01
  56.101635  2.66751E+00  2.50690E-01
  56.498807  2.66693E+00  2.47478E-01
  56.898791  2.66635E+00  2.44242E-01
  57.301607  2.66576E+00  2.40984E-01
  57.707274  2.66508E+00  2.37701E-01
  58.115814  2.66400E+00  2.34388E-01
  58.527246  2.66291E+00  2.31052E-01
   58.94159  2.66182E+00  2.27691E-01
  59.358868  2.66072E+00  2.24307E-01
    59.7791  2.65961E+00  2.20899E-01
  60.202307  2.65849E+00  2.17467E-01
   60.62851  2.65736E+00  2.14011E-01
   61.05773  2.65647E+00  2.11743E-01
  61.489989  2.65561E+00  2.09676E-01
  61.925308  2.65474E+00  2.07594E-01
  62.363709  2.65387E+00  2.05497E-01
  62.805214  2.65299E+00  2.03386E-01
  63.249845  2.65211E+00  2.01259E-01
  63.697623  2.65122E+00  1.99118E-01
  64.148571  2.65033E+00  1.96961E-01
  64.602712  2.64942E+00  1.94790E-01
  65.060067  2.64852E+00  1.92602E-01
  65.520661  2.64760E+00  1.90400E-01
  65.984516  2.64667E+00  1.88213E-01
  66.451654  2.64570E+00  1.86356E-01
  66.922099  2.64471E+00  1.84486E-01
  67.395875  2.64372E+00  1.82602E-01
  67.873005  2.64272E+00  1.80705E-01
  68.353513  2.64171E+00  1.78795E-01
  68.837423  2.64070E+00  1.76872E-01
  69.324758  2.63968E+00  1.74934E-01
  69.815544  2.63865E+00  1.72984E-01
  70.309804  2.63762E+00  1.71019E-01
  70.807563  2.63658E+00  1.69040E-01
  71.308846  2.63553E+00  1.67047E-01
  71.813678  2.63447E+00  1.65040E-01
  72.322084  2.63348E+00  1.63296E-01
  72.834089  2.63268E+00  1.62358E-01
  73.349719  2.63189E+00  1.61413E-01
     73.869  2.63108E+00  1.60462E-01
  74.391956  2.63027E+00  1.59503E-01
  74.918615  2.62946E+00  1.58538E-01
  75.449003  2.62864E+00  1.57566E-01
  75.983145  2.62781E+00  1.56588E-01
  76.521069  2.62697E+00  1.55602E-01
  77.062801  2.62614E+00  1.54610E-01
  77.608368  2.62529E+00  1.53610E-01
  78.157797  2.62444E+00  1.52603E-01
  78.711116  2.62358E+00  1.51589E-01
  79.268353  2.62272E+00  1.50568E-01
  79.829534  2.62185E+00  1.49540E-01
  80.394689  2.62098E+00  1.48504E-01
  80.963844  2.62010E+00  1.47461E-01
  81.537029  2.61921E+00  1.46411E-01
  82.114271  2.61831E+00  1.45353E-01
    82.6956  2.61741E+00  1.44288E-01
  83.281045  2.61651E+00  1.43216E-01
  83.870634  2.61560E+00  1.42135E-01
  84.464398  2.61483E+00  1.41422E-01
  85.062364  2.61418E+00  1.41041E-01
  85.664565  2.61354E+00  1.40657E-01
  86.271028  2.61289E+00  1.40271E-01
  86.881785  2.61223E+00  1.39882E-01
  87.496866  2.61157E+00  1.39491E-01
  88.116301  2.61091E+00  1.39096E-01
  88.740122  2.61024E+00  1.38699E-01
  89.368359  2.60957E+00  1.38299E-01
  90.001043  2.60889E+00  1.37896E-01
  90.638207  2.60820E+00  1.37491E-01
  91.279881  2.60751E+00  1.37082E-01
  91.926098  2.60682E+00  1.36671E-01
   92.57689  2.60612E+00  1.36256E-01
   93.23229  2.60542E+00  1.35839E-01
  93.892329  2.60471E+00  1.35419E-01
  94.557041  2.60400E+00  1.34995E-01
  95.226459  2.60328E+00  1.34569E-01
  95.900616  2.60256E+00  1.34140E-01
  96.579546  2.60183E+00  1.33708E-01
  97.263282  2.60110E+00  1.33272E-01
  97.951859  2.60036E+00  1.32834E-01
   98.64531  2.59962E+00  1.32392E-01
  99.343671  2.59887E+00  1.31948E-01
 100.046976  2.59811E+00  1.31500E-01
  100.75526  2.59735E+00  1.31049E-01
 101.468558  2.59724E+00  1.30984E-01
 102.186906  2.59724E+00  1.30984E-01
  102.91034  2.59724E+00  1.30984E-01
 103.638895  2.59724E+00  1.30984E-01
 104.372608  2.59724E+00  1.30984E-01
 105.111516  2.59724E+00  1.30984E-01
 105.855654  2.59724E+00  1.30984E-01
 106.605061  2.59724E+00  1.30984E-01
 107.359773  2.59724E+00  1.30984E-01
 108.119828  2.59724E+00  1.30984E-01
 108.885263  2.59724E+00  1.30984E-01
 109.656118  2.59724E+00  1.30984E-01
  110.43243  2.59724E+00  1.30984E-01
 111.214238  2.59724E+00  1.30984E-01
 112.001581  2.59724E+00  1.30984E-01
 112.794498  2.59724E+00  1.30984E-01
 113.593028  2.59724E+00  1.30984E-01
 114.397211  2.59724E+00  1.30984E-01
 115.207088  2.59724E+00  1.30984E-01
 116.022698  2.59724E+00  1.30984E-01
 116.844082  2.59724E+00  1.30984E-01
 117.671282  2.59724E+00  1.30984E-01
 118.504337  2.59724E+00  1.30984E-01
  119.34329  2.59724E+00  1.30984E-01
 120.188183  2.59724E+00  1.30984E-01
 121.039057  2.59724E+00  1.30984E-01
 121.895954  2.59724E+00  1.30984E-01
 122.758918  2.59724E+00  1.30984E-01
 123.627992  2.59724E+00  1.30984E-01
 124.503218  2.59724E+00  1.30984E-01
  125.38464  2.59724E+00  1.30984E-01
 126.272303  2.59724E+00  1.30984E-01
 127.166249  2.59724E+00  1.30984E-01
 128.066524  2.59724E+00  1.30984E-01
 128.973173  2.59724E+00  1.30984E-01
  129.88624  2.59724E+00  1.30984E-01
 130.805772  2.59724E+00  1.30984E-01
 131.731813  2.59724E+00  1.30984E-01
  132.66441  2.59724E+00  1.30984E-01
  133.60361  2.59724E+00  1.30984E-01
 134.549459  2.59724E+00  1.30984E-01
 135.502003  2.59724E+00  1.30984E-01
 136.461292  2.59724E+00  1.30984E-01
 137.427371  2.59724E+00  1.30984E-01
  138.40029  2.59724E+00  1.30984E-01
 139.380097  2.59724E+00  1.30984E-01
  140.36684  2.59724E+00  1.30984E-01
 141.360569  2.59724E+00  1.30984E-01
 142.361333  2.59724E+00  1.30984E-01
 143.369182  2.59724E+00  1.30984E-01
 144.384167  2.59724E+00  1.30984E-01
 145.406336  2.59724E+00  1.30984E-01
 146.435742  2.59724E+00  1.30984E-01
 147.472436  2.59724E+00  1.30984E-01
 148.516469  2.59724E+00  1.30984E-01
 149.567894  2.59724E+00  1.30984E-01
 150.626762  2.59724E+00  1.30984E-01
 151.693126  2.59724E+00  1.30984E-01
  152.76704  2.59724E+00  1.30984E-01
 153.848556  2.59724E+00  1.30984E-01
 154.937729  2.59724E+00  1.30984E-01
 156.034613  2.59724E+00  1.30984E-01
 157.139262  2.59724E+00  1.30984E-01
 158.251732  2.59724E+00  1.30984E-01
 159.372077  2.59724E+00  1.30984E-01
 160.500354  2.59724E+00  1.30984E-01
 161.636618  2.59724E+00  1.30984E-01
 162.780927  2.59724E+00  1.30984E-01
 163.933337  2.59724E+00  1.30984E-01
 165.093905  2.59724E+00  1.30984E-01
  166.26269  2.59724E+00  1.30984E-01
 167.439749  2.59724E+00  1.30984E-01
 168.625141  2.59724E+00  1.30984E-01
 169.818925  2.59724E+00  1.30984E-01
  171.02116  2.59724E+00  1.30984E-01
 172.231907  2.59724E+00  1.30984E-01
 173.451225  2.59724E+00  1.30984E-01
 174.679176  2.59724E+00  1.30984E-01
 175.915819  2.59724E+00  1.30984E-01
 177.161218  2.59724E+00  1.30984E-01
 178.415433  2.59724E+00  1.30984E-01
 179.678528  2.59724E+00  1.30984E-01
 180.950564  2.59724E+00  1.30984E-01
 182.231606  2.59724E+00  1.30984E-01
 183.521717  2.59724E+00  1.30984E-01
 184.820962  2.59724E+00  1.30984E-01
 186.129405  2.59724E+00  1.30984E-01
  187.44711  2.59724E+00  1.30984E-01
 188.774145  2.59724E+00  1.30984E-01
 190.110574  2.59724E+00  1.30984E-01
 191.456464  2.59724E+00  1.30984E-01
 192.811883  2.59724E+00  1.30984E-01
 194.176897  2.59724E+00  1.30984E-01
 195.551575  2.59724E+00  1.30984E-01
 196.935986  2.59724E+00  1.30984E-01
 198.330197  2.59724E+00  1.30984E-01
 199.734278  2.59724E+00  1.30984E-01
   201.1483  2.59724E+00  1.30984E-01
 202.572332  2.59724E+00  1.30984E-01
 204.006445  2.59724E+00  1.30984E-01
 205.450712  2.59724E+00  1.30984E-01
 206.905203  2.59724E+00  1.30984E-01
 208.369991  2.59724E+00  1.30984E-01
  209.84515  2.59724E+00  1.30984E-01
 211.330751  2.59724E+00  1.30984E-01
  212.82687  2.59724E+00  1.30984E-01
 214.333581  2.59724E+00  1.30984E-01
 215.850959  2.59724E+00  1.30984E-01
 217.379078  2.59724E+00  1.30984E-01
 218.918017  2.59724E+00  1.30984E-01
  220.46785  2.59724E+00  1.30984E-01
 222.028655  2.59724E+00  1.30984E-01
  223.60051  2.59724E+00  1.30984E-01
 225.183493  2.59724E+00  1.30984E-01
 226.777683  2.59724E+00  1.30984E-01
 228.383158  2.59724E+00  1.30984E-01
      230.0  2.59724E+00  1.30984E-01
